TEST = [
      0        0           0.000  127    18
      2       15        7500.000  127    18
      4       70       27500.000  127    18
      6      163       46500.000  127    18
      8      285       61000.000  127    18
     10      430       72500.000  127    18
     12      595       82500.000  127    18
     14      777       91000.000  127    18
     16      970       96500.000  127    18
     18     1160       95000.000  127    18
     20     1338       89000.000  127    18
     22     1493       77500.000  127    18
     24     1621       64000.000  127    18
     26     1725       52000.000  127    18
     28     1816       45500.000  127    18
     30     1907       45500.000  127    18
     32     2011       52000.000  127    18
     34     2137       63000.000  127    18
     36     2290       76500.000  127    18
     38     2472       91000.000  127    18
     40     2681      104500.000  127    18
     42     2915      117000.000  127    18
     44     3170      127500.000  127    18
     46     3439      134500.000  127    18
     48     3716      138500.000  127    18
     50     3996      140000.000  127    18
     52     4273      138500.000  127    18
     54     4548      137500.000  127    18
     56     4817      134500.000  127    18
     58     5085      134000.000  127    18
     60     5354      134500.000  127    18
     62     5629      137500.000  127    18
     64     5912      141500.000  127    18
     66     6206      147000.000  127    18
     68     6513      153500.000  127    18
     70     6833      160000.000  127    18
     72     7164      165500.000  127    18
     74     7506      171000.000  127    18
     76     7857      175500.000  127    18
     78     8213      178000.000  127    18
     80     8574      180500.000  127    18
     82     8936      181000.000  127    18
     84     9299      181500.000  127    18
     86     9663      182000.000  127    18
     88    10028      182500.000  127    18
     90    10394      183000.000  127    18
     92    10764      185000.000  127    18
     94    11141      188500.000  127    18
     96    11524      191500.000  127    18
     98    11915      195500.000  127    18
    100    12315      200000.000  127    18
    102    12720      202500.000  127    18
    104    13131      205500.000  127    18
    106    13545      207000.000  127    18
    108    13963      209000.000  127    18
    110    14382      209500.000  127    18
    112    14804      211000.000  127    18
    114    15229      212500.000  127    18
    116    15657      214000.000  127    18
    118    16088      215500.000  127    18
    120    16522      217000.000  127    18
    122    16959      218500.000  127    18
    124    17399      220000.000  127    18
    126    17841      221000.000  127    18
    128    18287      223000.000  127    18
    130    18736      224500.000  127    18
    132    19189      226500.000  127    18
    134    19644      227500.000  127    18
    136    20103      229500.000  127    18
    138    20564      230500.000  127    18
    140    21026      231000.000  127    18
    142    21492      233000.000  127    18
    144    21959      233500.000  127    18
    146    22429      235000.000  127    18
    148    22901      236000.000  127    18
    150    23376      237500.000  127    18
    152    23852      238000.000  127    18
    154    24329      238500.000  127    18
    156    24809      240000.000  127    18
    158    25289      240000.000  127    18
    160    25772      241500.000  127    18
    162    26257      242500.000  127    18
    164    26743      243000.000  127    18
    166    27231      244000.000  127    18
    168    27721      245000.000  127    18
    170    28212      245500.000  127    18
    172    28706      247000.000  127    18
    174    29202      248000.000  127    18
    176    29701      249500.000  127    18
    178    30201      250000.000  127    18
    180    30704      251500.000  127    18
    182    31208      252000.000  127    18
    184    31714      253000.000  127    18
    186    32221      253500.000  127    18
    188    32731      255000.000  127    18
    190    33241      255000.000  127    18
    192    33753      256000.000  127    18
    194    34266      256500.000  127    18
    196    34779      256500.000  127    18
    198    35292      256500.000  127    18
    200    35806      257000.000  127    18
    202    36321      257500.000  127    18
    204    36837      258000.000  127    18
    206    37354      258500.000  127    18
    208    37872      259000.000  127    18
    210    38391      259500.000  127    18
    212    38910      259500.000  127    18
    214    39431      260500.000  127    18
    216    39953      261000.000  127    18
    218    40475      261000.000  127    18
    220    40999      262000.000  127    18
    222    41523      262000.000  127    18
    224    42048      262500.000  127    18
    226    42575      263500.000  127    18
    228    43102      263500.000  127    18
    230    43631      264500.000  127    18
    232    44161      265000.000  127    18
    234    44692      265500.000  127    18
    236    45225      266500.000  127    18
    238    45758      266500.000  127    18
    240    46293      267500.000  127    18
    242    46829      268000.000  127    18
    244    47366      268500.000  127    18
    246    47903      268500.000  127    18
    248    48441      269000.000  127    18
    250    48980      269500.000  127    18
    252    49518      269000.000  127    18
    254    50057      269500.000  127    18
    256    50595      269000.000  127    18
    258    51134      269500.000  127    18
    260    51672      269000.000  127    18
    262    52210      269000.000  127    18
    264    52747      268500.000  127    18
    266    53284      268500.000  127    18
    268    53820      268000.000  127    18
    270    54358      269000.000  127    18
    272    54896      269000.000  127    18
    274    55435      269500.000  127    18
    276    55976      270500.000  127    18
    278    56517      270500.000  127    18
    280    57060      271500.000  127    18
    282    57604      272000.000  127    18
    284    58149      272500.000  127    18
    286    58695      273000.000  127    18
    288    59242      273500.000  127    18
    290    59789      273500.000  127    18
    292    60337      274000.000  127    18
    294    60884      273500.000  127    18
    296    61433      274500.000  127    18
    298    61981      274000.000  127    18
    300    62529      274000.000  127    18
    302    63077      274000.000  127    18
    304    63626      274500.000  127    18
    306    64174      274000.000  127    18
    308    64722      274000.000  127    18
    310    65271      274500.000  127    18
    312    65820      274500.000  127    18
    314    66368      274000.000  127    18
    316    66917      274500.000  127    18
    318    67465      274000.000  127    18
    320    68014      274500.000  127    18
    322    68563      274500.000  127    18
    324    69112      274500.000  127    18
    326    69661      274500.000  127    18
    328    70210      274500.000  127    18
    330    70759      274500.000  127    18
    332    71309      275000.000  127    18
    334    71860      275500.000  127    18
    336    72411      275500.000  127    18
    338    72963      276000.000  127    18
    340    73516      276500.000  127    18
    342    74069      276500.000  127    18
    344    74623      277000.000  127    18
    346    75177      277000.000  127    18
    348    75732      277500.000  127    18
    350    76287      277500.000  127    18
    352    76842      277500.000  127    18
    354    77398      278000.000  127    18
    356    77954      278000.000  127    18
    358    78510      278000.000  127    18
    360    79066      278000.000  127    18
