TEST = [
      0        0           0.000  127    18
      2       15        7500.000  127    18
      4       69       27000.000  127    18
      6      160       45500.000  127    18
      8      279       59500.000  127    18
     10      421       71000.000  127    18
     12      583       81000.000  127    18
     14      764       90500.000  127    18
     16      956       96000.000  127    18
     18     1146       95000.000  127    18
     20     1322       88000.000  127    18
     22     1472       75000.000  127    18
     24     1590       59000.000  127    18
     26     1677       43500.000  127    18
     28     1740       31500.000  127    18
     30     1795       27500.000  127    18
     32     1855       30000.000  127    18
     34     1933       39000.000  127    18
     36     2036       51500.000  127    18
     38     2165       64500.000  127    18
     40     2323       79000.000  127    18
     42     2509       93000.000  127    18
     44     2717      104000.000  127    18
     46     2944      113500.000  127    18
     48     3182      119000.000  127    18
     50     3426      122000.000  127    18
     52     3671      122500.000  127    18
     54     3912      120500.000  127    18
     56     4147      117500.000  127    18
     58     4376      114500.000  127    18
     60     4601      112500.000  127    18
     62     4826      112500.000  127    18
     64     5055      114500.000  127    18
     66     5292      118500.000  127    18
     68     5540      124000.000  127    18
     70     5801      130500.000  127    18
     72     6075      137000.000  127    18
     74     6362      143500.000  127    18
     76     6660      149000.000  127    18
     78     6967      153500.000  127    18
     80     7280      156500.000  127    18
     82     7597      158500.000  127    18
     84     7915      159000.000  127    18
     86     8233      159000.000  127    18
     88     8551      159000.000  127    18
     90     8868      158500.000  127    18
     92     9188      160000.000  127    18
     94     9511      161500.000  127    18
     96     9839      164000.000  127    18
     98    10173      167000.000  127    18
    100    10515      171000.000  127    18
    102    10864      174500.000  127    18
    104    11221      178500.000  127    18
    106    11585      182000.000  127    18
    108    11954      184500.000  127    18
    110    12329      187500.000  127    18
    112    12706      188500.000  127    18
    114    13087      190500.000  127    18
    116    13469      191000.000  127    18
    118    13852      191500.000  127    18
    120    14235      191500.000  127    18
    122    14619      192000.000  127    18
    124    15004      192500.000  127    18
    126    15392      194000.000  127    18
    128    15786      197000.000  127    18
    130    16185      199500.000  127    18
    132    16591      203000.000  127    18
    134    17002      205500.000  127    18
    136    17417      207500.000  127    18
    138    17836      209500.000  127    18
    140    18257      210500.000  127    18
    142    18679      211000.000  127    18
    144    19103      212000.000  127    18
    146    19529      213000.000  127    18
    148    19956      213500.000  127    18
    150    20384      214000.000  127    18
    152    20814      215000.000  127    18
    154    21247      216500.000  127    18
    156    21682      217500.000  127    18
    158    22121      219500.000  127    18
    160    22562      220500.000  127    18
    162    23007      222500.000  127    18
    164    23455      224000.000  127    18
    166    23906      225500.000  127    18
    168    24358      226000.000  127    18
    170    24812      227000.000  127    18
    172    25266      227000.000  127    18
    174    25722      228000.000  127    18
    176    26179      228500.000  127    18
    178    26638      229500.000  127    18
    180    27100      231000.000  127    18
    182    27564      232000.000  127    18
    184    28031      233500.000  127    18
    186    28499      234000.000  127    18
    188    28970      235500.000  127    18
    190    29443      236500.000  127    18
    192    29918      237500.000  127    18
    194    30395      238500.000  127    18
    196    30874      239500.000  127    18
    198    31354      240000.000  127    18
    200    31836      241000.000  127    18
    202    32319      241500.000  127    18
    204    32803      242000.000  127    18
    206    33289      243000.000  127    18
    208    33777      244000.000  127    18
    210    34265      244000.000  127    18
    212    34755      245000.000  127    18
    214    35245      245000.000  127    18
    216    35737      246000.000  127    18
    218    36229      246000.000  127    18
    220    36722      246500.000  127    18
    222    37216      247000.000  127    18
    224    37712      248000.000  127    18
    226    38209      248500.000  127    18
    228    38707      249000.000  127    18
    230    39206      249500.000  127    18
    232    39706      250000.000  127    18
    234    40208      251000.000  127    18
    236    40710      251000.000  127    18
    238    41215      252500.000  127    18
    240    41721      253000.000  127    18
    242    42227      253000.000  127    18
    244    42735      254000.000  127    18
    246    43244      254500.000  127    18
    248    43754      255000.000  127    18
    250    44266      256000.000  127    18
    252    44779      256500.000  127    18
    254    45293      257000.000  127    18
    256    45808      257500.000  127    18
    258    46324      258000.000  127    18
    260    46841      258500.000  127    18
    262    47359      259000.000  127    18
    264    47878      259500.000  127    18
    266    48397      259500.000  127    18
    268    48916      259500.000  127    18
    270    49436      260000.000  127    18
    272    49956      260000.000  127    18
    274    50477      260500.000  127    18
    276    50998      260500.000  127    18
    278    51519      260500.000  127    18
    280    52041      261000.000  127    18
    282    52564      261500.000  127    18
    284    53087      261500.000  127    18
    286    53610      261500.000  127    18
    288    54135      262500.000  127    18
    290    54660      262500.000  127    18
    292    55186      263000.000  127    18
    294    55714      264000.000  127    18
    296    56243      264500.000  127    18
    298    56771      264000.000  127    18
    300    57302      265500.000  127    18
    302    57833      265500.000  127    18
    304    58364      265500.000  127    18
    306    58896      266000.000  127    18
    308    59429      266500.000  127    18
    310    59961      266000.000  127    18
    312    60495      267000.000  127    18
    314    61027      266000.000  127    18
    316    61561      267000.000  127    18
    318    62096      267500.000  127    18
    320    62631      267500.000  127    18
    322    63167      268000.000  127    18
    324    63703      268000.000  127    18
    326    64240      268500.000  127    18
    328    64778      269000.000  127    18
    330    65316      269000.000  127    18
    332    65855      269500.000  127    18
    334    66394      269500.000  127    18
    336    66932      269000.000  127    18
    338    67470      269000.000  127    18
    340    68007      268500.000  127    18
    342    68544      268500.000  127    18
    344    69081      268500.000  127    18
    346    69618      268500.000  127    18
    348    70155      268500.000  127    18
    350    70693      269000.000  127    18
    352    71232      269500.000  127    18
    354    71772      270000.000  127    18
    356    72313      270500.000  127    18
    358    72855      271000.000  127    18
    360    73399      272000.000  127    18
