TEST = [
      0        0           0.000  127    18
      2       15        7500.000  127    18
      4       71       28000.000  127    18
      6      164       46500.000  127    18
      8      288       62000.000  127    18
     10      435       73500.000  127    18
     12      604       84500.000  127    18
     14      791       93500.000  127    18
     16      990       99500.000  127    18
     18     1186       98000.000  127    18
     20     1365       89500.000  127    18
     22     1514       74500.000  127    18
     24     1622       54000.000  127    18
     26     1688       33000.000  127    18
     28     1720       16000.000  127    18
     30     1732        6000.000  127    18
     32     1741        4500.000  127    18
     34     1763       11000.000  127    18
     36     1806       21500.000  127    18
     38     1877       35500.000  127    18
     40     1978       50500.000  127    18
     42     2109       65500.000  127    18
     44     2267       79000.000  127    18
     46     2446       89500.000  127    18
     48     2641       97500.000  127    18
     50     2843      101000.000  127    18
     52     3047      102000.000  127    18
     54     3247      100000.000  127    18
     56     3439       96000.000  127    18
     58     3623       92000.000  127    18
     60     3798       87500.000  127    18
     62     3968       85000.000  127    18
     64     4137       84500.000  127    18
     66     4310       86500.000  127    18
     68     4491       90500.000  127    18
     70     4682       95500.000  127    18
     72     4885      101500.000  127    18
     74     5101      108000.000  127    18
     76     5329      114000.000  127    18
     78     5569      120000.000  127    18
     80     5818      124500.000  127    18
     82     6074      128000.000  127    18
     84     6333      129500.000  127    18
     86     6592      129500.000  127    18
     88     6850      129000.000  127    18
     90     7105      127500.000  127    18
     92     7359      127000.000  127    18
     94     7613      127000.000  127    18
     96     7870      128500.000  127    18
     98     8131      130500.000  127    18
    100     8398      133500.000  127    18
    102     8674      138000.000  127    18
    104     8958      142000.000  127    18
    106     9250      146000.000  127    18
    108     9550      150000.000  127    18
    110     9855      152500.000  127    18
    112    10163      154000.000  127    18
    114    10474      155500.000  127    18
    116    10786      156000.000  127    18
    118    11097      155500.000  127    18
    120    11409      156000.000  127    18
    122    11721      156000.000  127    18
    124    12035      157000.000  127    18
    126    12353      159000.000  127    18
    128    12674      160500.000  127    18
    130    13000      163000.000  127    18
    132    13332      166000.000  127    18
    134    13669      168500.000  127    18
    136    14010      170500.000  127    18
    138    14357      173500.000  127    18
    140    14708      175500.000  127    18
    142    15062      177000.000  127    18
    144    15420      179000.000  127    18
    146    15779      179500.000  127    18
    148    16138      179500.000  127    18
    150    16498      180000.000  127    18
    152    16859      180500.000  127    18
    154    17222      181500.000  127    18
    156    17587      182500.000  127    18
    158    17956      184500.000  127    18
    160    18330      187000.000  127    18
    162    18707      188500.000  127    18
    164    19087      190000.000  127    18
    166    19470      191500.000  127    18
    168    19856      193000.000  127    18
    170    20243      193500.000  127    18
    172    20633      195000.000  127    18
    174    21024      195500.000  127    18
    176    21418      197000.000  127    18
    178    21815      198500.000  127    18
    180    22213      199000.000  127    18
    182    22614      200500.000  127    18
    184    23016      201000.000  127    18
    186    23420      202000.000  127    18
    188    23827      203500.000  127    18
    190    24235      204000.000  127    18
    192    24645      205000.000  127    18
    194    25059      207000.000  127    18
    196    25474      207500.000  127    18
    198    25891      208500.000  127    18
    200    26309      209000.000  127    18
    202    26729      210000.000  127    18
    204    27150      210500.000  127    18
    206    27573      211500.000  127    18
    208    27998      212500.000  127    18
    210    28425      213500.000  127    18
    212    28854      214500.000  127    18
    214    29285      215500.000  127    18
    216    29719      217000.000  127    18
    218    30154      217500.000  127    18
    220    30591      218500.000  127    18
    222    31029      219000.000  127    18
    224    31469      220000.000  127    18
    226    31913      222000.000  127    18
    228    32359      223000.000  127    18
    230    32807      224000.000  127    18
    232    33257      225000.000  127    18
    234    33709      226000.000  127    18
    236    34161      226000.000  127    18
    238    34614      226500.000  127    18
    240    35068      227000.000  127    18
    242    35522      227000.000  127    18
    244    35977      227500.000  127    18
    246    36432      227500.000  127    18
    248    36887      227500.000  127    18
    250    37344      228500.000  127    18
    252    37802      229000.000  127    18
    254    38262      230000.000  127    18
    256    38724      231000.000  127    18
    258    39188      232000.000  127    18
    260    39654      233000.000  127    18
    262    40121      233500.000  127    18
    264    40590      234500.000  127    18
    266    41059      234500.000  127    18
    268    41530      235500.000  127    18
    270    42002      236000.000  127    18
    272    42475      236500.000  127    18
    274    42950      237500.000  127    18
    276    43426      238000.000  127    18
    278    43904      239000.000  127    18
    280    44382      239000.000  127    18
    282    44861      239500.000  127    18
    284    45340      239500.000  127    18
    286    45821      240500.000  127    18
    288    46303      241000.000  127    18
    290    46786      241500.000  127    18
    292    47270      242000.000  127    18
    294    47755      242500.000  127    18
    296    48242      243500.000  127    18
    298    48729      243500.000  127    18
    300    49217      244000.000  127    18
    302    49707      245000.000  127    18
    304    50198      245500.000  127    18
    306    50691      246500.000  127    18
    308    51184      246500.000  127    18
    310    51677      246500.000  127    18
    312    52171      247000.000  127    18
    314    52665      247000.000  127    18
    316    53159      247000.000  127    18
    318    53653      247000.000  127    18
    320    54148      247500.000  127    18
    322    54643      247500.000  127    18
    324    55140      248500.000  127    18
    326    55638      249000.000  127    18
    328    56137      249500.000  127    18
    330    56637      250000.000  127    18
    332    57138      250500.000  127    18
    334    57641      251500.000  127    18
    336    58144      251500.000  127    18
    338    58649      252500.000  127    18
    340    59154      252500.000  127    18
    342    59661      253500.000  127    18
    344    60168      253500.000  127    18
    346    60675      253500.000  127    18
    348    61184      254500.000  127    18
    350    61693      254500.000  127    18
    352    62202      254500.000  127    18
    354    62712      255000.000  127    18
    356    63224      256000.000  127    18
    358    63735      255500.000  127    18
    360    64247      256000.000  127    18
